15 15 1462638717
21 17 1462638717
37 18 1462638717
49 19 1462638717
112 20 1462638717
129 23 1462638717
132 24 1462638717
142 25 1462638717
15 15.0891 1462638747
21 16.9408 1462638747
37 17.8846 1462638747
49 18.79 1462638747
112 20.144 1462638747
129 22.9953 1462638747
132 24.065 1462638747
142 24.9563 1462638747
15 14.9244 1462638777
21 16.7327 1462638777
37 17.8538 1462638777
49 18.6369 1462638777
112 20.0724 1462638777
129 23.104 1462638777
132 23.9959 1462638777
142 24.8282 1462638777
15 15.0507 1462638807
21 16.7356 1462638807
37 17.9782 1462638807
49 18.5555 1462638807
112 19.9523 1462638807
129 23.1859 1462638807
132 23.9076 1462638807
142 24.8709 1462638807
15 15.0103 1462638837
21 16.6794 1462638837
37 18.2086 1462638837
49 18.6742 1462638837
112 19.7449 1462638837
129 23.0864 1462638837
132 23.6799 1462638837
142 24.7566 1462638837
15 15.1484 1462638867
21 16.6761 1462638867
37 18.1655 1462638867
49 18.6429 1462638867
112 19.5507 1462638867
129 23.0655 1462638867
132 23.5196 1462638867
142 24.5504 1462638867
15 15.2429 1462638897
21 16.7439 1462638897
37 17.9865 1462638897
49 18.4401 1462638897
112 19.568 1462638897
129 23.0372 1462638897
132 23.439 1462638897
142 24.7524 1462638897
15 15.3846 1462638927
21 16.7717 1462638927
37 17.9657 1462638927
49 18.5387 1462638927
112 19.6189 1462638927
129 22.8884 1462638927
132 23.5846 1462638927
142 24.6436 1462638927
15 15.5773 1462638957
21 16.8351 1462638957
37 18.1022 1462638957
49 18.3616 1462638957
112 19.8152 1462638957
129 23.0146 1462638957
132 23.5767 1462638957
142 24.7036 1462638957
15 15.5806 1462638987
21 16.6269 1462638987
37 17.8949 1462638987
49 18.2849 1462638987
112 19.6003 1462638987
129 23.2055 1462638987
132 23.6836 1462638987
142 24.8097 1462638987
15 15.7821 1462639017
21 16.6233 1462639017
37 18.0909 1462639017
49 18.3988 1462639017
112 19.5746 1462639017
129 23.0198 1462639017
132 23.8159 1462639017
142 24.8262 1462639017
15 15.5739 1462639047
21 16.6172 1462639047
37 17.9486 1462639047
49 18.5704 1462639047
112 19.6308 1462639047
129 23.2103 1462639047
132 23.5782 1462639047
142 25.0358 1462639047
15 15.5053 1462639077
21 16.5448 1462639077
37 17.7418 1462639077
49 18.3452 1462639077
112 19.4635 1462639077
129 22.9677 1462639077
132 23.5282 1462639077
142 25.1898 1462639077
15 15.6136 1462639107
21 16.7621 1462639107
37 17.5361 1462639107
49 18.1295 1462639107
112 19.4069 1462639107
129 23.161 1462639107
132 23.4444 1462639107
142 25.2636 1462639107
15 15.4826 1462639137
21 16.7253 1462639137
37 17.5392 1462639137
49 18.1911 1462639137
112 19.2663 1462639137
129 23.2268 1462639137
132 23.3784 1462639137
142 25.3205 1462639137
15 15.4626 1462639167
21 16.5404 1462639167
37 17.3957 1462639167
49 18.0542 1462639167
112 19.2859 1462639167
129 23.3124 1462639167
132 23.1333 1462639167
142 25.2192 1462639167
15 15.2939 1462639197
21 16.7081 1462639197
37 17.4839 1462639197
49 18.1262 1462639197
112 19.0937 1462639197
129 23.0886 1462639197
132 23.1578 1462639197
142 25.2757 1462639197
15 15.327 1462639227
21 16.7449 1462639227
37 17.4191 1462639227
49 18.1276 1462639227
112 19.3359 1462639227
129 23.2043 1462639227
132 23.239 1462639227
142 25.4073 1462639227
15 15.3164 1462639257
21 16.8527 1462639257
37 17.3857 1462639257
49 17.8851 1462639257
112 19.2161 1462639257
129 23.0607 1462639257
132 23.409 1462639257
142 25.2803 1462639257
15 15.0952 1462639287
21 17.0659 1462639287
37 17.4522 1462639287
49 18.0426 1462639287
112 19.2322 1462639287
129 22.8127 1462639287
132 23.2147 1462639287
142 25.0496 1462639287
15 15.0055 1462639317
21 16.9866 1462639317
37 17.4889 1462639317
49 18.0203 1462639317
112 19.0209 1462639317
129 22.6627 1462639317
132 23.0306 1462639317
142 24.9542 1462639317
15 14.9853 1462639347
21 16.9471 1462639347
37 17.5388 1462639347
49 17.8717 1462639347
112 18.8194 1462639347
129 22.4785 1462639347
132 22.9811 1462639347
142 24.809 1462639347
15 14.878 1462639377
21 16.869 1462639377
37 17.3113 1462639377
49 17.814 1462639377
112 18.5965 1462639377
129 22.4409 1462639377
132 22.8779 1462639377
142 24.8522 1462639377
15 15.0595 1462639407
21 16.849 1462639407
37 17.2168 1462639407
49 17.9097 1462639407
112 18.8368 1462639407
129 22.1914 1462639407
132 22.9323 1462639407
142 24.9625 1462639407
15 15.0574 1462639437
21 16.7467 1462639437
37 17.346 1462639437
49 17.9219 1462639437
112 18.747 1462639437
129 22.2017 1462639437
132 22.9622 1462639437
142 24.9785 1462639437
15 15.1803 1462639467
21 16.9056 1462639467
37 17.3685 1462639467
49 18.0117 1462639467
112 18.7276 1462639467
129 22.2147 1462639467
132 22.9473 1462639467
142 24.7492 1462639467
15 14.9805 1462639497
21 16.7548 1462639497
37 17.2978 1462639497
49 17.9668 1462639497
112 18.7896 1462639497
129 21.9975 1462639497
132 23.179 1462639497
142 24.6306 1462639497
15 14.8449 1462639527
21 16.5595 1462639527
37 17.2751 1462639527
49 17.8085 1462639527
112 18.6319 1462639527
129 22.1972 1462639527
132 22.9763 1462639527
142 24.4359 1462639527
15 14.8522 1462639557
21 16.6379 1462639557
37 17.2909 1462639557
49 17.6837 1462639557
112 18.791 1462639557
129 22.1878 1462639557
132 23.0815 1462639557
142 24.3677 1462639557
15 14.9471 1462639587
21 16.603 1462639587
37 17.4183 1462639587
49 17.6772 1462639587
112 18.5854 1462639587
129 22.3299 1462639587
132 22.9741 1462639587
142 24.2121 1462639587
15 15.1742 1462639617
21 16.7407 1462639617
37 17.5088 1462639617
49 17.8421 1462639617
112 18.4469 1462639617
129 22.4291 1462639617
132 23.0448 1462639617
142 24.0904 1462639617
15 15.382 1462639647
21 16.6561 1462639647
37 17.7139 1462639647
49 17.6077 1462639647
112 18.625 1462639647
129 22.263 1462639647
132 22.9137 1462639647
142 24.3393 1462639647
15 15.1615 1462639677
21 16.4381 1462639677
37 17.4936 1462639677
49 17.5549 1462639677
112 18.6122 1462639677
129 22.2351 1462639677
132 22.7493 1462639677
142 24.1606 1462639677
15 15.0175 1462639707
21 16.4564 1462639707
37 17.263 1462639707
49 17.6023 1462639707
112 18.4246 1462639707
129 22.4122 1462639707
132 22.8171 1462639707
142 24.0477 1462639707
15 15.0986 1462639737
21 16.6495 1462639737
37 17.3531 1462639737
49 17.7079 1462639737
112 18.5367 1462639737
129 22.2827 1462639737
132 22.7443 1462639737
142 24.1795 1462639737
15 14.9259 1462639767
21 16.4346 1462639767
37 17.3437 1462639767
49 17.5033 1462639767
112 18.7642 1462639767
129 22.4388 1462639767
132 22.6986 1462639767
142 23.9901 1462639767
15 15.1758 1462639797
21 16.3017 1462639797
37 17.3924 1462639797
49 17.6254 1462639797
112 18.6667 1462639797
129 22.426 1462639797
132 22.9344 1462639797
142 23.9882 1462639797
15 15.3752 1462639827
21 16.3967 1462639827
37 17.2664 1462639827
49 17.648 1462639827
112 18.5583 1462639827
129 22.6034 1462639827
132 23.0246 1462639827
142 24.1273 1462639827
15 15.5841 1462639857
21 16.5817 1462639857
37 17.208 1462639857
49 17.7156 1462639857
112 18.4186 1462639857
129 22.412 1462639857
132 23.1627 1462639857
142 24.1387 1462639857
15 15.4493 1462639887
21 16.7333 1462639887
37 17.3571 1462639887
49 17.5002 1462639887
112 18.3455 1462639887
129 22.3494 1462639887
132 23.2467 1462639887
142 24.2379 1462639887
15 15.636 1462639917
21 16.5394 1462639917
37 17.5499 1462639917
49 17.7191 1462639917
112 18.1353 1462639917
129 22.5819 1462639917
132 23.1484 1462639917
142 24.0345 1462639917
15 15.7763 1462639947
21 16.4203 1462639947
37 17.7291 1462639947
49 17.9173 1462639947
112 18.0694 1462639947
129 22.3841 1462639947
132 23.1768 1462639947
142 23.811 1462639947
15 15.9164 1462639977
21 16.5748 1462639977
37 17.7782 1462639977
49 17.8103 1462639977
112 17.9848 1462639977
129 22.3731 1462639977
132 23.3666 1462639977
142 23.621 1462639977
15 15.7067 1462640007
21 16.6778 1462640007
37 17.6476 1462640007
49 17.9596 1462640007
112 18.1534 1462640007
129 22.1852 1462640007
132 23.4263 1462640007
142 23.3953 1462640007
15 15.459 1462640037
21 16.5665 1462640037
37 17.5094 1462640037
49 18.184 1462640037
112 18.3621 1462640037
129 22.2234 1462640037
132 23.5414 1462640037
142 23.4567 1462640037
15 15.3999 1462640067
21 16.4975 1462640067
37 17.6858 1462640067
49 18.1583 1462640067
112 18.3002 1462640067
129 22.2713 1462640067
132 23.341 1462640067
142 23.5479 1462640067
15 15.1773 1462640097
21 16.3718 1462640097
37 17.5679 1462640097
49 18.3853 1462640097
112 18.406 1462640097
129 22.5153 1462640097
132 23.2553 1462640097
142 23.6802 1462640097
15 15.1367 1462640127
21 16.3486 1462640127
37 17.5168 1462640127
49 18.4071 1462640127
112 18.6221 1462640127
129 22.7331 1462640127
132 23.3175 1462640127
142 23.8378 1462640127
15 15.273 1462640157
21 16.1492 1462640157
37 17.6265 1462640157
49 18.522 1462640157
112 18.5431 1462640157
129 22.9806 1462640157
132 23.259 1462640157
142 23.8344 1462640157
15 15.2921 1462640187
21 16.2199 1462640187
37 17.5788 1462640187
49 18.6512 1462640187
112 18.6326 1462640187
129 22.9355 1462640187
132 23.0974 1462640187
142 23.9303 1462640187
