15 15 1461187854
21 17 1461187854
37 18 1461187854
49 19 1461187854
112 20 1461187854
129 23 1461187854
132 24 1461187854
142 25 1461187854
15 15.1641 1461187884
21 16.8235 1461187884
37 18.2125 1461187884
49 18.8355 1461187884
112 19.9666 1461187884
129 22.7565 1461187884
132 24.1633 1461187884
142 25.0444 1461187884
15 15.2836 1461187914
21 16.6355 1461187914
37 18.292 1461187914
49 18.6642 1461187914
112 20.1964 1461187914
129 22.7193 1461187914
132 23.9686 1461187914
142 24.9784 1461187914
15 15.4504 1461187944
21 16.6917 1461187944
37 18.4018 1461187944
49 18.4549 1461187944
112 19.9659 1461187944
129 22.9199 1461187944
132 24.1585 1461187944
142 25.0063 1461187944
15 15.6959 1461187974
21 16.5607 1461187974
37 18.4362 1461187974
49 18.5277 1461187974
112 20.1393 1461187974
129 23.0347 1461187974
132 24.2164 1461187974
142 24.8106 1461187974
15 15.7847 1461188004
21 16.7568 1461188004
37 18.6025 1461188004
49 18.3991 1461188004
112 19.9012 1461188004
129 23.0765 1461188004
132 24.262 1461188004
142 24.9365 1461188004
15 15.5387 1461188034
21 16.9507 1461188034
37 18.8016 1461188034
49 18.5 1461188034
112 20.1231 1461188034
129 23.0257 1461188034
132 24.4159 1461188034
142 24.7772 1461188034
15 15.7452 1461188064
21 16.8118 1461188064
37 18.6615 1461188064
49 18.349 1461188064
112 19.9421 1461188064
129 22.795 1461188064
132 24.189 1461188064
142 25.0242 1461188064
15 15.7404 1461188094
21 17.0191 1461188094
37 18.4696 1461188094
49 18.2386 1461188094
112 19.7482 1461188094
129 22.7896 1461188094
132 24.1847 1461188094
142 24.9723 1461188094
15 15.8179 1461188124
21 16.8268 1461188124
37 18.4643 1461188124
49 18.317 1461188124
112 19.9431 1461188124
129 22.8208 1461188124
132 24.06 1461188124
142 25.0193 1461188124
15 15.8749 1461188154
21 16.9339 1461188154
37 18.3184 1461188154
49 18.3993 1461188154
112 20.0011 1461188154
129 22.6391 1461188154
132 23.8588 1461188154
142 25.0884 1461188154
15 15.8933 1461188184
21 16.9102 1461188184
37 18.5001 1461188184
49 18.1797 1461188184
112 19.9855 1461188184
129 22.7693 1461188184
132 24.0779 1461188184
142 25.0542 1461188184
15 15.6543 1461188214
21 16.7334 1461188214
37 18.364 1461188214
49 18.0032 1461188214
112 20.2077 1461188214
129 22.5459 1461188214
132 24.2408 1461188214
142 25.0722 1461188214
15 15.7136 1461188244
21 16.7168 1461188244
37 18.1272 1461188244
49 17.7681 1461188244
112 20.1095 1461188244
129 22.6461 1461188244
132 24.4069 1461188244
142 25.0239 1461188244
15 15.8115 1461188274
21 16.9083 1461188274
37 18.158 1461188274
49 17.6166 1461188274
112 20.1589 1461188274
129 22.4031 1461188274
132 24.5146 1461188274
142 25.1052 1461188274
15 15.7754 1461188304
21 17.0484 1461188304
37 18.0714 1461188304
49 17.6207 1461188304
112 20.0265 1461188304
129 22.626 1461188304
132 24.3276 1461188304
142 24.9194 1461188304
15 15.784 1461188334
21 17.0413 1461188334
37 18.3163 1461188334
49 17.4195 1461188334
112 20.0084 1461188334
129 22.4676 1461188334
132 24.0972 1461188334
142 24.8084 1461188334
15 15.8095 1461188364
21 17.2431 1461188364
37 18.0813 1461188364
49 17.5091 1461188364
112 20.0334 1461188364
129 22.4396 1461188364
132 23.9492 1461188364
142 24.5771 1461188364
15 15.8415 1461188394
21 17.365 1461188394
37 18.2683 1461188394
49 17.3679 1461188394
112 20.0943 1461188394
129 22.375 1461188394
132 24.0345 1461188394
142 24.7566 1461188394
15 15.8215 1461188424
21 17.5449 1461188424
37 18.3118 1461188424
49 17.5972 1461188424
112 20.0217 1461188424
129 22.3719 1461188424
132 24.2203 1461188424
142 24.6196 1461188424
15 15.7934 1461188454
21 17.3245 1461188454
37 18.0898 1461188454
49 17.533 1461188454
112 20.1347 1461188454
129 22.409 1461188454
132 24.1239 1461188454
142 24.8357 1461188454
15 15.7893 1461188484
21 17.494 1461188484
37 17.9001 1461188484
49 17.6032 1461188484
112 19.9034 1461188484
129 22.2887 1461188484
132 24.1821 1461188484
142 24.9349 1461188484
15 15.6475 1461188514
21 17.7007 1461188514
37 17.7988 1461188514
49 17.8301 1461188514
112 19.8002 1461188514
129 22.2386 1461188514
132 24.286 1461188514
142 25.1605 1461188514
15 15.4786 1461188544
21 17.4754 1461188544
37 17.8429 1461188544
49 17.5832 1461188544
112 19.9491 1461188544
129 22.268 1461188544
132 24.3679 1461188544
142 25.3526 1461188544
15 15.5813 1461188574
21 17.5769 1461188574
37 17.7646 1461188574
49 17.7275 1461188574
112 19.9663 1461188574
129 22.1237 1461188574
132 24.2821 1461188574
142 25.2188 1461188574
15 15.45 1461188604
21 17.4112 1461188604
37 17.6798 1461188604
49 17.9611 1461188604
112 19.9608 1461188604
129 22.3227 1461188604
132 24.4606 1461188604
142 25.2461 1461188604
15 15.3237 1461188634
21 17.3989 1461188634
37 17.9006 1461188634
49 18.1577 1461188634
112 19.9996 1461188634
129 22.1242 1461188634
132 24.2132 1461188634
142 25.094 1461188634
15 15.1938 1461188664
21 17.1806 1461188664
37 18.1294 1461188664
49 18.1846 1461188664
112 19.8781 1461188664
129 22.36 1461188664
132 24.2719 1461188664
142 25.1019 1461188664
15 15.0365 1461188694
21 17.1073 1461188694
37 18.0798 1461188694
49 18.2282 1461188694
112 19.7325 1461188694
129 22.1334 1461188694
132 24.3122 1461188694
142 25.0625 1461188694
15 14.9432 1461188724
21 17.1959 1461188724
37 18.2225 1461188724
49 18.3881 1461188724
112 19.8406 1461188724
129 21.9359 1461188724
132 24.3217 1461188724
142 25.1688 1461188724
15 15.0183 1461188754
21 17.2877 1461188754
37 18.2313 1461188754
49 18.4608 1461188754
112 19.8306 1461188754
129 22.0908 1461188754
132 24.3777 1461188754
142 25.0522 1461188754
15 15.079 1461188784
21 17.1663 1461188784
37 18.1187 1461188784
49 18.7001 1461188784
112 19.9058 1461188784
129 22.0197 1461188784
132 24.2454 1461188784
142 25.1107 1461188784
15 15.0468 1461188814
21 17.0109 1461188814
37 18.3467 1461188814
49 18.6662 1461188814
112 20.0613 1461188814
129 22.0147 1461188814
132 24.2773 1461188814
142 24.891 1461188814
15 15.1532 1461188844
21 16.9222 1461188844
37 18.1886 1461188844
49 18.8342 1461188844
112 20.0491 1461188844
129 21.898 1461188844
132 24.469 1461188844
142 24.6576 1461188844
15 14.9113 1461188874
21 17.0074 1461188874
37 18.1441 1461188874
49 18.6904 1461188874
112 20.0182 1461188874
129 22.0312 1461188874
132 24.2804 1461188874
142 24.4646 1461188874
15 14.9196 1461188904
21 16.7764 1461188904
37 18.0885 1461188904
49 18.8585 1461188904
112 20.246 1461188904
129 22.0025 1461188904
132 24.048 1461188904
142 24.5633 1461188904
15 14.674 1461188934
21 16.5407 1461188934
37 17.9072 1461188934
49 18.6465 1461188934
112 20.1603 1461188934
129 21.8603 1461188934
132 24.0643 1461188934
142 24.3448 1461188934
15 14.8773 1461188964
21 16.7413 1461188964
37 17.9467 1461188964
49 18.5413 1461188964
112 20.3632 1461188964
129 21.8613 1461188964
132 24.2704 1461188964
142 24.2442 1461188964
15 14.9412 1461188994
21 16.8204 1461188994
37 18.0359 1461188994
49 18.3769 1461188994
112 20.5746 1461188994
129 21.7551 1461188994
132 24.067 1461188994
142 24.1408 1461188994
15 14.6915 1461189024
21 17.0232 1461189024
37 17.9297 1461189024
49 18.4249 1461189024
112 20.7624 1461189024
129 21.5301 1461189024
132 24.0855 1461189024
142 24.2941 1461189024
15 14.9096 1461189054
21 17.0141 1461189054
37 18.1156 1461189054
49 18.2674 1461189054
112 20.67 1461189054
129 21.6748 1461189054
132 23.9439 1461189054
142 24.2671 1461189054
15 14.9717 1461189084
21 17.0584 1461189084
37 18.3458 1461189084
49 18.2832 1461189084
112 20.4438 1461189084
129 21.771 1461189084
132 24.1227 1461189084
142 24.1295 1461189084
15 15.1937 1461189114
21 16.896 1461189114
37 18.3311 1461189114
49 18.1659 1461189114
112 20.5648 1461189114
129 22.0101 1461189114
132 24.2177 1461189114
142 24.0144 1461189114
15 15.2517 1461189144
21 16.9573 1461189144
37 18.091 1461189144
49 18.3733 1461189144
112 20.7342 1461189144
129 21.9066 1461189144
132 24.0261 1461189144
142 23.8439 1461189144
15 15.4266 1461189174
21 16.8847 1461189174
37 18.3195 1461189174
49 18.5347 1461189174
112 20.7269 1461189174
129 21.9598 1461189174
132 23.7908 1461189174
142 23.7485 1461189174
15 15.6263 1461189204
21 17.0664 1461189204
37 18.1382 1461189204
49 18.394 1461189204
112 20.9502 1461189204
129 22.188 1461189204
132 24.0325 1461189204
142 23.9094 1461189204
15 15.8684 1461189234
21 17.2038 1461189234
37 18.0789 1461189234
49 18.5975 1461189234
112 20.9782 1461189234
129 22.1975 1461189234
132 23.8239 1461189234
142 23.7569 1461189234
15 15.8647 1461189264
21 16.9601 1461189264
37 17.9103 1461189264
49 18.8197 1461189264
112 21.1416 1461189264
129 22.174 1461189264
132 23.6839 1461189264
142 23.6847 1461189264
15 15.7388 1461189294
21 17.1145 1461189294
37 17.8162 1461189294
49 18.6172 1461189294
112 21.2777 1461189294
129 22.2494 1461189294
132 23.5661 1461189294
142 23.7015 1461189294
15 15.9343 1461189324
21 17.0175 1461189324
37 17.7778 1461189324
49 18.7799 1461189324
112 21.446 1461189324
129 22.0305 1461189324
132 23.7656 1461189324
142 23.7533 1461189324
